14220.118000001396,13137.30200000111,1064970.0,11533.559000001153,2,0
6497.411999999934,5411.698000000042,484965.0,5246.956000000122,2,0
4794.6500000001015,3708.108000000137,345150.0,3817.8249999999425,2,0
5533.780000000033,4442.684000000133,397755.0,4400.639999999984,2,0
5208.138000000057,4112.488000000174,374535.0,4135.818999999936,2,0
5782.11,4692.2560000001085,421830.0,4631.055000000021,2,0
5700.518000000006,4604.040000000118,418050.0,4591.259000000015,2,0
7294.6939999998385,6204.011999999964,534150.0,5834.347000000229,2,0
6338.017999999947,5244.02400000006,465930.0,5074.509000000092,2,0
4066.724000000161,2966.5200000000705,289215.0,3213.111999999979,2,0
6611.601999999931,5520.506000000028,483795.0,5327.051000000138,2,0
8455.459999999843,7377.61199999985,633420.0,6873.730000000381,2,0
9378.906000000085,8284.0839999998,683325.0,7529.203000000511,2,0
4705.612000000115,3613.2740000001236,339300.0,3755.805999999954,2,0
3673.516000000136,2604.7760000000417,260190.0,2891.7580000000034,2,0
15329.47400000173,14239.620000001418,1155105.0,12454.487000001336,2,0
3757.452000000141,2675.464000000042,266895.0,2970.475999999995,2,0
5794.281999999999,4711.4660000001095,420525.0,4638.391000000019,2,0
8414.841999999833,7342.375999999857,625500.0,6793.921000000373,2,0
5481.628000000025,4383.494000000137,400320.0,4400.81399999998,2,0
7267.859999999865,6180.075999999971,536490.0,5853.930000000217,2,0
13785.668000001297,12709.062000001004,1037340.0,11185.334000001105,2,0
3894.292000000149,2811.890000000055,274635.0,3057.395999999992,2,0
4354.576000000144,3261.824000000094,312255.0,3462.537999999971,2,0
4187.736000000163,3097.8820000000874,297000.0,3310.8679999999767,2,0
12634.624000000898,11751.826000000674,964440.0,10312.812000000933,2,1
3717.720000000137,2845.686000000063,271980.0,2979.359999999994,2,1
14102.47000000134,13216.360000001105,1079550.0,11515.235000001125,2,1
18991.910000002656,18109.94000000241,1464030.0,15560.95500000178,2,1
4222.838000000157,3332.1740000001014,313740.0,3411.9189999999753,2,1
5304.616000000055,4419.334000000134,396945.0,4288.557999999963,2,1
4972.478000000089,4091.750000000162,375525.0,4043.988999999942,2,1
17882.316000002364,16997.44800000212,1384605.0,14650.908000001666,2,1
3693.644000000131,2820.368000000054,267030.0,2955.321999999999,2,1
8160.3719999997775,7282.541999999864,621810.0,6639.686000000346,2,1
23178.792000003807,22293.096000003563,1789335.0,19008.14599999998,2,1
7342.955999999837,6458.087999999924,556515.0,5982.228000000257,2,1
4947.186000000084,4067.286000000163,370980.0,4002.5929999999316,2,1
4265.83200000015,3384.2760000001012,320040.0,3442.915999999971,2,1
10481.496000000374,9606.564000000122,802215.0,8580.998000000665,2,1
16270.822000001894,15388.438000001668,1252125.0,13363.661000001417,2,1
3647.6240000001326,2757.3740000000525,263025.0,2886.0620000000017,2,1
7843.9279999998,6954.505999999885,609975.0,6441.714000000324,2,1
8936.35599999998,8064.7359999997825,678735.0,7273.928000000449,2,1
7959.245999999801,7078.103999999888,595170.0,6416.6230000003015,2,1
4320.462000000154,3427.7280000001106,320310.0,3482.7309999999643,2,1
7924.965999999815,7044.23799999989,605250.0,6469.483000000301,2,1
12433.032000000923,11551.890000000676,945360.0,10150.016000000925,2,1
6402.3239999999505,5520.35400000004,479250.0,5217.662000000106,2,1
9856.052000000222,8976.151999999991,742050.0,8030.526000000566,2,1
27480.670000004666,26634.330000004473,2293335.0,23173.584999997278,2,2
49381.60399998732,48532.36599998825,4160205.0,41829.05199999973,2,2
41204.31799999654,40360.46199999749,3447090.0,34804.65899999295,2,2
40973.5759999967,40126.8219999977,3449655.0,34694.53799999286,2,2
25873.418000004254,25023.35200000404,2171610.0,21827.208999998176,2,2
15128.106000001513,14286.320000001302,1250865.0,12706.303000001228,2,2
66536.7539999711,65694.13999996967,5630220.0,56382.37700001374,2,2
32235.004000005927,31394.46000000572,2708190.0,27264.00199999454,2,2
61921.48599997341,61076.38799997432,5204115.0,52227.493000009716,2,2
17674.27200000219,16831.65800000197,1456515.0,14822.386000001554,2,2
38886.947999999255,38042.678000000196,3253365.0,32812.72399999111,2,2
66562.75199997096,65718.06799996956,5618565.0,56426.626000013595,2,2
95581.04600001828,94737.60400001681,8051670.0,80828.02299998749,2,2
53178.68999998342,52332.34999998433,4524840.0,45256.84500000302,2,2
106005.62000003489,105158.45200003355,8921700.0,89726.8099999666,2,2
27844.87400000469,26994.808000004472,2328480.0,23489.93699999714,2,2
58693.437999976966,57847.51199997798,4928175.0,49605.96900000703,2,2
49909.62199998701,49065.76599998794,4192020.0,42160.31099999986,2,2
53480.66599998264,52636.80999998362,4494690.0,45166.33300000283,2,2
25260.14600000409,24412.564000003873,2112210.0,21255.072999998552,2,2
11364.672000000577,10519.988000000376,935325.0,9535.586000000745,2,2
52823.389999983534,51969.18399998452,4445055.0,44656.945000002364,2,2
19964.936000002774,19123.15000000255,1677105.0,16864.21800000142,2,2
22785.642000003503,21940.130000003293,1904670.0,19199.320999999964,2,2
115910.342000051,115062.34600004966,9732600.0,97917.67099994849,2,2
17177.902000001803,16576.776000001722,1601280.0,15564.451000001229,2,3
14951.392000001271,14349.024000001204,1417590.0,13752.696000000946,2,3
59334.50199997898,58732.133999979524,5623200.0,54256.75100001022,2,3
30095.32400000381,29492.128000003777,2877660.0,27564.661999994772,2,3
37485.07600000012,36880.224000000715,3572685.0,34331.287999993845,2,3
36725.556000000695,36118.63400000128,3449250.0,33442.77799999257,2,3
28346.27800000308,27749.292000002984,2741985.0,26443.38899999706,2,3
37923.61999999842,37316.6979999991,3681945.0,35543.059999996396,2,3
41002.09999999651,40398.48999999695,3951315.0,38251.29999999826,2,3
56663.75799998488,56063.45999998548,5402880.0,52223.879000006666,2,3
24440.128000002846,23835.690000002778,2343510.0,22575.563999997634,2,3
26236.97600000284,25625.50000000281,2525490.0,24395.487999996694,2,3
49045.11599999092,48438.60799999124,4652730.0,44979.55800000131,2,3
38797.03399999932,38192.59599999961,3772080.0,36376.01699999731,2,3
33025.72600000485,32420.460000004947,3075840.0,29545.362999994937,2,3
51299.11199998808,50693.845999988574,4988655.0,48237.80600000562,2,3
17543.922000001425,16944.038000001307,1661130.0,16036.461000001103,2,3
54929.04799998689,54327.92199998701,5364540.0,51954.02400000779,2,3
118705.47000003516,118101.03200003423,11175660.0,107324.23499995975,2,3
83821.16999999607,83214.66199999509,7936560.0,75832.58500000386,2,3
19546.87400000145,18948.646000001394,1884375.0,18454.687000000024,2,3
85733.99799999743,85129.9739999973,8291970.0,80224.498999994,2,3
32968.206000005244,32365.010000005313,3069360.0,29374.102999994044,2,3
36566.99800000039,35956.3500000011,3531870.0,33994.99899999427,2,3
17233.294000001697,16632.168000001548,1618470.0,15766.64700000116,2,3
3062.834000000072,2052.881999999991,24120.0,1613.9170000000397,3,0
3020.3300000000672,2004.1679999999906,23850.0,1588.6650000000395,3,0
2717.89400000004,1730.711999999993,22680.0,1435.4470000000254,3,0
2928.4720000000493,1899.8899999999924,22680.0,1540.7360000000267,3,0
3008.248000000047,1978.0099999999916,23940.0,1585.1240000000284,3,0
3040.7700000000655,1999.7679999999916,26190.0,1611.8850000000352,3,0
2906.8400000000593,1869.5639999999914,22590.0,1532.9200000000333,3,0
3109.4880000000767,2058.5499999999906,24660.0,1638.744000000042,3,0
3213.6740000000764,2190.474000000005,24750.0,1691.8370000000425,3,0
3063.2280000000687,2023.881999999991,24840.0,1617.1140000000396,3,0
2999.680000000065,1968.6139999999907,24120.0,1583.3400000000363,3,0
2900.9880000000417,1859.5719999999933,23040.0,1529.4940000000254,3,0
3139.0120000000725,2120.779999999999,24750.0,1651.0060000000396,3,0
2839.3700000000385,1807.0619999999926,23850.0,1502.1850000000238,3,0
2862.45800000006,1832.6339999999914,24120.0,1512.229000000035,3,0
3220.138000000079,2189.486000000005,26550.0,1697.5690000000443,3,0
2994.5920000000624,1966.0099999999916,23490.0,1576.7960000000335,3,0
3128.974000000073,2115.295999999993,25290.0,1648.9870000000412,3,0
3040.076000000057,2012.7359999999917,22950.0,1599.038000000033,3,0
3322.0920000000915,2287.714000000007,26055.0,1747.2960000000512,3,0
3046.2800000000643,2036.741999999991,25740.0,1611.1400000000374,3,0
2983.0120000000616,1969.7479999999907,23670.0,1572.0060000000376,3,0
2811.2180000000444,1797.1259999999932,22140.0,1479.1090000000268,3,0
2817.7460000000488,1803.6539999999923,24435.0,1490.1230000000273,3,0
3043.3300000000645,2006.8819999999912,23580.0,1603.165000000035,3,0
2894.3200000000415,2070.7239999999947,34830.0,1595.160000000029,3,1
2973.122000000052,2135.449999999996,34470.0,1629.5610000000306,3,1
3037.618000000059,2206.570000000005,36630.0,1675.8090000000366,3,1
3215.604000000083,2387.868000000016,38070.0,1774.302000000048,3,1
3005.874000000051,2185.1760000000027,34920.0,1657.9370000000329,3,1
2862.982000000043,2028.621999999992,34200.0,1576.9910000000252,3,1
2636.59400000004,1796.4379999999928,30780.0,1445.7970000000264,3,1
2965.784000000052,2140.117999999996,36540.0,1642.8920000000335,3,1
3128.1460000000648,2285.0920000000037,39420.0,1736.0730000000412,3,1
3111.9240000000646,2288.3280000000127,35910.0,1716.4620000000393,3,1
2945.4020000000473,2108.5579999999936,35100.0,1623.7010000000291,3,1
3057.236000000059,2226.1880000000056,37530.0,1693.618000000038,3,1
2944.996000000039,2112.7059999999974,35460.0,1624.9980000000267,3,1
3020.8280000000577,2176.5319999999992,35010.0,1661.914000000038,3,1
3227.254000000068,2394.1360000000172,37440.0,1777.1270000000395,3,1
3011.930000000059,2182.9520000000016,37440.0,1665.4650000000358,3,1
2932.224000000051,2104.073999999997,35010.0,1618.1120000000326,3,1
2941.180000000044,2110.959999999995,34200.0,1621.0900000000283,3,1
2763.2560000000412,1930.5519999999924,32670.0,1519.6280000000265,3,1
2816.142000000035,1985.9219999999925,32850.0,1549.5710000000233,3,1
3197.4400000000655,2371.774000000015,38790.0,1769.7200000000414,3,1
2773.0860000000343,1946.591999999994,33390.0,1533.5430000000242,3,1
2878.7980000000402,2060.997999999993,33390.0,1586.3990000000274,3,1
2693.58800000003,1859.227999999993,34110.0,1492.794000000023,3,1
3027.5300000000348,2192.7559999999994,35640.0,1668.765000000021,3,1
9262.912000000004,8519.24399999998,79740.0,5021.956000000013,3,2
8264.039999999974,7524.097999999978,71820.0,4487.519999999994,3,2
7448.409999999992,6708.053999999995,61200.0,4031.204999999992,3,2
7001.345999999988,6253.123999999996,58950.0,3787.172999999992,3,2
9154.810000000016,8409.485999999983,77400.0,4959.405000000018,3,2
8713.631999999983,7965.409999999966,74340.0,4727.316000000006,3,2
7535.759999999982,6792.09199999999,63720.0,4083.3799999999896,3,2
7138.027999999998,6393.532000000005,58770.0,3861.513999999995,3,2
7852.045999999975,7109.205999999981,67500.0,4256.522999999997,3,2
8247.49799999997,7501.759999999983,69930.0,4468.248999999994,3,2
7305.963999999984,6559.811999999986,61470.0,3956.98199999999,3,2
8076.485999999978,7331.161999999987,67860.0,4371.242999999989,3,2
7041.855999999996,6298.602000000002,59580.0,3811.427999999998,3,2
8116.619999999977,7371.709999999982,66960.0,4391.3099999999995,3,2
8830.625999999995,8086.957999999984,72270.0,4774.813000000005,3,2
7943.0719999999765,7198.575999999989,67050.0,4306.035999999998,3,2
7349.001999999982,6604.0919999999915,63360.0,3985.500999999988,3,2
6729.377999999994,5988.607999999998,57690.0,3650.6889999999944,3,2
8150.695999999966,7404.957999999973,69030.0,4411.847999999996,3,2
7923.8679999999795,7178.129999999983,67500.0,4295.433999999996,3,2
7668.071999999986,6920.263999999992,64440.0,4152.035999999993,3,2
7385.479999999987,6640.983999999992,60750.0,4000.2399999999893,3,2
7936.619999999975,7193.779999999984,65250.0,4294.809999999993,3,2
6290.130000000001,5547.290000000004,53640.0,3401.0649999999973,3,2
8135.867999999975,7394.68399999998,70110.0,4412.933999999993,3,2
5969.507999999991,5403.986000000001,168300.0,3768.2539999999826,3,3
5812.648000000003,5248.36800000002,166950.0,3687.823999999983,3,3
5438.444000000018,4874.578000000028,167490.0,3500.721999999987,3,3
5095.01800000002,4530.738000000037,151470.0,3262.5089999999905,3,3
5241.292000000013,4678.254000000037,157050.0,3357.145999999991,3,3
5545.604000000003,4981.324000000023,154260.0,3496.3019999999874,3,3
5347.190000000018,4784.566000000033,155880.0,3397.594999999989,3,3
5873.552000000003,5310.92800000002,175050.0,3748.2759999999853,3,3
5581.788000000015,5016.680000000029,166320.0,3566.893999999987,3,3
6500.557999999986,5937.519999999998,183510.0,4112.278999999977,3,3
6098.004000000002,5531.654000000016,178560.0,3885.5019999999795,3,3
5333.470000000013,4768.362000000034,159390.0,3408.23499999999,3,3
5072.834000000023,4507.726000000038,143280.0,3214.4169999999935,3,3
5684.341999999999,5120.890000000013,171630.0,3645.670999999986,3,3
5856.616000000003,5291.094000000011,170730.0,3730.3079999999854,3,3
5957.997999999993,5395.788000000013,166950.0,3754.9989999999802,3,3
4991.394000000029,4427.528000000044,149670.0,3199.6969999999988,3,3
5836.782000000006,5273.33000000002,161550.0,3670.890999999984,3,3
5419.018000000015,4853.49600000003,155250.0,3433.508999999986,3,3
5607.272000000013,5042.992000000021,167400.0,3586.6359999999872,3,3
5872.380000000001,5310.170000000018,173520.0,3748.1899999999796,3,3
5839.679999999999,5275.814000000009,166050.0,3697.839999999985,3,3
5743.2019999999975,5177.266000000015,162720.0,3634.1009999999865,3,3
5656.272000000001,5090.336000000016,166950.0,3602.1359999999836,3,3
5386.1520000000155,4821.458000000029,153990.0,3413.5759999999905,3,3
915.3119999999999,16.311999999999998,7290.0,497.65599999999995,4,0
915.3119999999999,16.311999999999998,7290.0,497.65599999999995,4,0
915.3119999999999,16.311999999999998,7290.0,497.65599999999995,4,0
915.3119999999999,16.311999999999998,7290.0,497.65599999999995,4,0
915.3119999999999,16.311999999999998,7290.0,497.65599999999995,4,0
915.3119999999999,16.311999999999998,7290.0,497.65599999999995,4,0
915.3119999999999,16.311999999999998,7290.0,497.65599999999995,4,0
915.3119999999999,16.311999999999998,7290.0,497.65599999999995,4,0
915.3119999999999,16.311999999999998,7290.0,497.65599999999995,4,0
915.3119999999999,16.311999999999998,7290.0,497.65599999999995,4,0
915.3119999999999,16.311999999999998,7290.0,497.65599999999995,4,0
915.3119999999999,16.311999999999998,7290.0,497.65599999999995,4,0
915.3119999999999,16.311999999999998,7290.0,497.65599999999995,4,0
915.3119999999999,16.311999999999998,7290.0,497.65599999999995,4,0
915.3119999999999,16.311999999999998,7290.0,497.65599999999995,4,0
915.3119999999999,16.311999999999998,7290.0,497.65599999999995,4,0
915.3119999999999,16.311999999999998,7290.0,497.65599999999995,4,0
915.3119999999999,16.311999999999998,7290.0,497.65599999999995,4,0
915.3119999999999,16.311999999999998,7290.0,497.65599999999995,4,0
915.3119999999999,16.311999999999998,7290.0,497.65599999999995,4,0
915.3119999999999,16.311999999999998,7290.0,497.65599999999995,4,0
915.3119999999999,16.311999999999998,7290.0,497.65599999999995,4,0
915.3119999999999,16.311999999999998,7290.0,497.65599999999995,4,0
915.3119999999999,16.311999999999998,7290.0,497.65599999999995,4,0
915.3119999999999,16.311999999999998,7290.0,497.65599999999995,4,0
855.0179999999992,97.66200000000003,15660.0,502.00899999999956,4,1
855.0179999999992,97.66200000000003,15660.0,502.00899999999956,4,1
855.0179999999992,97.66200000000003,15660.0,502.00899999999956,4,1
855.0179999999992,97.66200000000003,15660.0,502.00899999999956,4,1
855.0179999999992,97.66200000000003,15660.0,502.00899999999956,4,1
855.0179999999992,97.66200000000003,15660.0,502.00899999999956,4,1
855.0179999999992,97.66200000000003,15660.0,502.00899999999956,4,1
855.0179999999992,97.66200000000003,15660.0,502.00899999999956,4,1
855.0179999999992,97.66200000000003,15660.0,502.00899999999956,4,1
855.0179999999992,97.66200000000003,15660.0,502.00899999999956,4,1
855.0179999999992,97.66200000000003,15660.0,502.00899999999956,4,1
855.0179999999992,97.66200000000003,15660.0,502.00899999999956,4,1
855.0179999999992,97.66200000000003,15660.0,502.00899999999956,4,1
855.0179999999992,97.66200000000003,15660.0,502.00899999999956,4,1
855.0179999999992,97.66200000000003,15660.0,502.00899999999956,4,1
855.0179999999992,97.66200000000003,15660.0,502.00899999999956,4,1
855.0179999999992,97.66200000000003,15660.0,502.00899999999956,4,1
855.0179999999992,97.66200000000003,15660.0,502.00899999999956,4,1
855.0179999999992,97.66200000000003,15660.0,502.00899999999956,4,1
855.0179999999992,97.66200000000003,15660.0,502.00899999999956,4,1
855.0179999999992,97.66200000000003,15660.0,502.00899999999956,4,1
855.0179999999992,97.66200000000003,15660.0,502.00899999999956,4,1
855.0179999999992,97.66200000000003,15660.0,502.00899999999956,4,1
855.0179999999992,97.66200000000003,15660.0,502.00899999999956,4,1
855.0179999999992,97.66200000000003,15660.0,502.00899999999956,4,1
845.2099999999999,125.554,8370.0,462.10499999999996,4,2
845.2099999999999,125.554,8370.0,462.10499999999996,4,2
845.2099999999999,125.554,8370.0,462.10499999999996,4,2
845.2099999999999,125.554,8370.0,462.10499999999996,4,2
845.2099999999999,125.554,8370.0,462.10499999999996,4,2
845.2099999999999,125.554,8370.0,462.10499999999996,4,2
845.2099999999999,125.554,8370.0,462.10499999999996,4,2
845.2099999999999,125.554,8370.0,462.10499999999996,4,2
845.2099999999999,125.554,8370.0,462.10499999999996,4,2
845.2099999999999,125.554,8370.0,462.10499999999996,4,2
845.2099999999999,125.554,8370.0,462.10499999999996,4,2
845.2099999999999,125.554,8370.0,462.10499999999996,4,2
845.2099999999999,125.554,8370.0,462.10499999999996,4,2
845.2099999999999,125.554,8370.0,462.10499999999996,4,2
845.2099999999999,125.554,8370.0,462.10499999999996,4,2
845.2099999999999,125.554,8370.0,462.10499999999996,4,2
845.2099999999999,125.554,8370.0,462.10499999999996,4,2
845.2099999999999,125.554,8370.0,462.10499999999996,4,2
845.2099999999999,125.554,8370.0,462.10499999999996,4,2
845.2099999999999,125.554,8370.0,462.10499999999996,4,2
845.2099999999999,125.554,8370.0,462.10499999999996,4,2
845.2099999999999,125.554,8370.0,462.10499999999996,4,2
845.2099999999999,125.554,8370.0,462.10499999999996,4,2
845.2099999999999,125.554,8370.0,462.10499999999996,4,2
845.2099999999999,125.554,8370.0,462.10499999999996,4,2
793.9039999999995,237.0759999999998,22050.0,508.95199999999977,4,3
793.9039999999995,237.0759999999998,22050.0,508.95199999999977,4,3
793.9039999999995,237.0759999999998,22050.0,508.95199999999977,4,3
793.9039999999995,237.0759999999998,22050.0,508.95199999999977,4,3
793.9039999999995,237.0759999999998,22050.0,508.95199999999977,4,3
793.9039999999995,237.0759999999998,22050.0,508.95199999999977,4,3
793.9039999999995,237.0759999999998,22050.0,508.95199999999977,4,3
793.9039999999995,237.0759999999998,22050.0,508.95199999999977,4,3
793.9039999999995,237.0759999999998,22050.0,508.95199999999977,4,3
793.9039999999995,237.0759999999998,22050.0,508.95199999999977,4,3
793.9039999999995,237.0759999999998,22050.0,508.95199999999977,4,3
793.9039999999995,237.0759999999998,22050.0,508.95199999999977,4,3
793.9039999999995,237.0759999999998,22050.0,508.95199999999977,4,3
793.9039999999995,237.0759999999998,22050.0,508.95199999999977,4,3
793.9039999999995,237.0759999999998,22050.0,508.95199999999977,4,3
793.9039999999995,237.0759999999998,22050.0,508.95199999999977,4,3
793.9039999999995,237.0759999999998,22050.0,508.95199999999977,4,3
793.9039999999995,237.0759999999998,22050.0,508.95199999999977,4,3
793.9039999999995,237.0759999999998,22050.0,508.95199999999977,4,3
793.9039999999995,237.0759999999998,22050.0,508.95199999999977,4,3
793.9039999999995,237.0759999999998,22050.0,508.95199999999977,4,3
793.9039999999995,237.0759999999998,22050.0,508.95199999999977,4,3
793.9039999999995,237.0759999999998,22050.0,508.95199999999977,4,3
793.9039999999995,237.0759999999998,22050.0,508.95199999999977,4,3
793.9039999999995,237.0759999999998,22050.0,508.95199999999977,4,3
988.621999999998,21.726,41940.0,596.3109999999989,5,0
988.621999999998,21.726,41940.0,596.3109999999989,5,0
988.621999999998,21.726,41940.0,596.3109999999989,5,0
988.621999999998,21.726,41940.0,596.3109999999989,5,0
988.621999999998,21.726,41940.0,596.3109999999989,5,0
988.621999999998,21.726,41940.0,596.3109999999989,5,0
988.621999999998,21.726,41940.0,596.3109999999989,5,0
988.621999999998,21.726,41940.0,596.3109999999989,5,0
988.621999999998,21.726,41940.0,596.3109999999989,5,0
988.621999999998,21.726,41940.0,596.3109999999989,5,0
988.621999999998,21.726,41940.0,596.3109999999989,5,0
988.621999999998,21.726,41940.0,596.3109999999989,5,0
988.621999999998,21.726,41940.0,596.3109999999989,5,0
988.621999999998,21.726,41940.0,596.3109999999989,5,0
988.621999999998,21.726,41940.0,596.3109999999989,5,0
988.621999999998,21.726,41940.0,596.3109999999989,5,0
988.621999999998,21.726,41940.0,596.3109999999989,5,0
988.621999999998,21.726,41940.0,596.3109999999989,5,0
988.621999999998,21.726,41940.0,596.3109999999989,5,0
988.621999999998,21.726,41940.0,596.3109999999989,5,0
988.621999999998,21.726,41940.0,596.3109999999989,5,0
988.621999999998,21.726,41940.0,596.3109999999989,5,0
988.621999999998,21.726,41940.0,596.3109999999989,5,0
988.621999999998,21.726,41940.0,596.3109999999989,5,0
988.621999999998,21.726,41940.0,596.3109999999989,5,0
856.7179999999985,74.52200000000002,32490.0,522.8589999999992,5,1
856.7179999999985,74.52200000000002,32490.0,522.8589999999992,5,1
856.7179999999985,74.52200000000002,32490.0,522.8589999999992,5,1
856.7179999999985,74.52200000000002,32490.0,522.8589999999992,5,1
856.7179999999985,74.52200000000002,32490.0,522.8589999999992,5,1
856.7179999999985,74.52200000000002,32490.0,522.8589999999992,5,1
856.7179999999985,74.52200000000002,32490.0,522.8589999999992,5,1
856.7179999999985,74.52200000000002,32490.0,522.8589999999992,5,1
856.7179999999985,74.52200000000002,32490.0,522.8589999999992,5,1
856.7179999999985,74.52200000000002,32490.0,522.8589999999992,5,1
856.7179999999985,74.52200000000002,32490.0,522.8589999999992,5,1
856.7179999999985,74.52200000000002,32490.0,522.8589999999992,5,1
856.7179999999985,74.52200000000002,32490.0,522.8589999999992,5,1
856.7179999999985,74.52200000000002,32490.0,522.8589999999992,5,1
856.7179999999985,74.52200000000002,32490.0,522.8589999999992,5,1
856.7179999999985,74.52200000000002,32490.0,522.8589999999992,5,1
856.7179999999985,74.52200000000002,32490.0,522.8589999999992,5,1
856.7179999999985,74.52200000000002,32490.0,522.8589999999992,5,1
856.7179999999985,74.52200000000002,32490.0,522.8589999999992,5,1
856.7179999999985,74.52200000000002,32490.0,522.8589999999992,5,1
856.7179999999985,74.52200000000002,32490.0,522.8589999999992,5,1
856.7179999999985,74.52200000000002,32490.0,522.8589999999992,5,1
856.7179999999985,74.52200000000002,32490.0,522.8589999999992,5,1
856.7179999999985,74.52200000000002,32490.0,522.8589999999992,5,1
856.7179999999985,74.52200000000002,32490.0,522.8589999999992,5,1
963.7179999999986,193.96800000000002,40230.0,580.3589999999991,5,2
963.7179999999986,193.96800000000002,40230.0,580.3589999999991,5,2
963.7179999999986,193.96800000000002,40230.0,580.3589999999991,5,2
963.7179999999986,193.96800000000002,40230.0,580.3589999999991,5,2
963.7179999999986,193.96800000000002,40230.0,580.3589999999991,5,2
963.7179999999986,193.96800000000002,40230.0,580.3589999999991,5,2
963.7179999999986,193.96800000000002,40230.0,580.3589999999991,5,2
963.7179999999986,193.96800000000002,40230.0,580.3589999999991,5,2
963.7179999999986,193.96800000000002,40230.0,580.3589999999991,5,2
963.7179999999986,193.96800000000002,40230.0,580.3589999999991,5,2
963.7179999999986,193.96800000000002,40230.0,580.3589999999991,5,2
963.7179999999986,193.96800000000002,40230.0,580.3589999999991,5,2
963.7179999999986,193.96800000000002,40230.0,580.3589999999991,5,2
963.7179999999986,193.96800000000002,40230.0,580.3589999999991,5,2
963.7179999999986,193.96800000000002,40230.0,580.3589999999991,5,2
963.7179999999986,193.96800000000002,40230.0,580.3589999999991,5,2
963.7179999999986,193.96800000000002,40230.0,580.3589999999991,5,2
963.7179999999986,193.96800000000002,40230.0,580.3589999999991,5,2
963.7179999999986,193.96800000000002,40230.0,580.3589999999991,5,2
963.7179999999986,193.96800000000002,40230.0,580.3589999999991,5,2
963.7179999999986,193.96800000000002,40230.0,580.3589999999991,5,2
963.7179999999986,193.96800000000002,40230.0,580.3589999999991,5,2
963.7179999999986,193.96800000000002,40230.0,580.3589999999991,5,2
963.7179999999986,193.96800000000002,40230.0,580.3589999999991,5,2
963.7179999999986,193.96800000000002,40230.0,580.3589999999991,5,2
832.9419999999993,265.76399999999984,28260.0,540.4709999999997,5,3
832.9419999999993,265.76399999999984,28260.0,540.4709999999997,5,3
832.9419999999993,265.76399999999984,28260.0,540.4709999999997,5,3
832.9419999999993,265.76399999999984,28260.0,540.4709999999997,5,3
832.9419999999993,265.76399999999984,28260.0,540.4709999999997,5,3
832.9419999999993,265.76399999999984,28260.0,540.4709999999997,5,3
832.9419999999993,265.76399999999984,28260.0,540.4709999999997,5,3
832.9419999999993,265.76399999999984,28260.0,540.4709999999997,5,3
832.9419999999993,265.76399999999984,28260.0,540.4709999999997,5,3
832.9419999999993,265.76399999999984,28260.0,540.4709999999997,5,3
832.9419999999993,265.76399999999984,28260.0,540.4709999999997,5,3
832.9419999999993,265.76399999999984,28260.0,540.4709999999997,5,3
832.9419999999993,265.76399999999984,28260.0,540.4709999999997,5,3
832.9419999999993,265.76399999999984,28260.0,540.4709999999997,5,3
832.9419999999993,265.76399999999984,28260.0,540.4709999999997,5,3
832.9419999999993,265.76399999999984,28260.0,540.4709999999997,5,3
832.9419999999993,265.76399999999984,28260.0,540.4709999999997,5,3
832.9419999999993,265.76399999999984,28260.0,540.4709999999997,5,3
832.9419999999993,265.76399999999984,28260.0,540.4709999999997,5,3
832.9419999999993,265.76399999999984,28260.0,540.4709999999997,5,3
832.9419999999993,265.76399999999984,28260.0,540.4709999999997,5,3
832.9419999999993,265.76399999999984,28260.0,540.4709999999997,5,3
832.9419999999993,265.76399999999984,28260.0,540.4709999999997,5,3
832.9419999999993,265.76399999999984,28260.0,540.4709999999997,5,3
832.9419999999993,265.76399999999984,28260.0,540.4709999999997,5,3
