919.2099999999998,19.796000000000003,5310.0,488.1049999999999,4,0
917.3119999999999,18.311999999999998,5760.0,490.65599999999995,4,0
918.3819999999998,18.554,5580.0,489.6909999999999,4,0
1010.875999999997,21.210000000000004,8550.0,538.9379999999985,4,0
971.0619999999983,23.210000000000004,7425.0,517.2809999999992,4,0
982.3739999999982,31.210000000000004,7920.0,524.6869999999991,4,0
949.9039999999995,41.79600000000001,6750.0,507.45199999999977,4,0
924.4519999999998,22.140000000000008,7920.0,503.7259999999999,4,0
962.1259999999986,22.14,8190.0,518.5629999999993,4,0
1013.359999999997,21.210000000000004,9000.0,541.6799999999985,4,0
922.7259999999999,23.726,6930.0,498.86299999999994,4,0
913.8979999999999,14.898,5760.0,488.94899999999996,4,0
944.4899999999996,36.79600000000001,6075.0,501.4949999999998,4,0
915.0699999999999,16.07,5760.0,489.53499999999997,4,0
906.656,7.656,5220.0,482.328,4,0
929.5599999999995,18.14,7020.0,501.27999999999975,4,0
919.828,20.414,6840.0,496.914,4,0
1038.2639999999965,32.45200000000001,8640.0,548.6319999999982,4,0
953.2279999999987,16.139999999999997,7335.0,512.3639999999994,4,0
923.0059999999996,16.14,6390.0,494.5029999999998,4,0
1006.3539999999973,27.45200000000001,9180.0,541.6769999999987,4,0
993.8959999999979,34.452000000000005,9900.0,534.947999999999,4,0
908.242,9.242,5760.0,486.121,4,0
918.6239999999998,18.382,5490.0,488.3119999999999,4,0
923.0059999999996,16.14,6390.0,494.5029999999998,4,0
898.1639999999984,129.63000000000005,14850.0,519.0819999999992,4,1
868.291999999999,114.24800000000003,15570.0,509.1459999999995,4,1
862.877999999999,107.17800000000003,15030.0,503.4389999999995,4,1
862.2539999999992,113.17800000000004,14220.0,499.6269999999996,4,1
896.9599999999982,126.77000000000007,15840.0,522.4799999999991,4,1
860.6359999999991,108.66200000000003,14670.0,500.31799999999953,4,1
879.8139999999987,124.52800000000006,14670.0,511.90699999999936,4,1
864.6739999999991,110.21600000000007,15570.0,505.33699999999953,4,1
858.7379999999991,110.07600000000004,13320.0,494.8689999999996,4,1
862.603999999999,110.21600000000007,15300.0,503.3019999999995,4,1
869.6359999999991,118.07600000000004,14895.0,508.56799999999953,4,1
890.329999999999,134.63000000000005,16110.0,525.6649999999995,4,1
840.0119999999994,92.17800000000003,14130.0,491.0059999999997,4,1
861.877999999999,107.83400000000005,14625.0,501.1889999999995,4,1
830.5979999999995,80.28000000000002,13680.0,481.2989999999997,4,1
831.2539999999995,78.86600000000001,13860.0,482.12699999999967,4,1
860.1139999999994,113.52200000000002,13770.0,499.0569999999997,4,1
868.6039999999989,112.90400000000004,14850.0,506.30199999999945,4,1
885.169999999998,101.31800000000003,17550.0,519.084999999999,4,1
868.119999999999,116.97400000000005,15750.0,510.5599999999995,4,1
873.291999999999,123.38800000000006,15300.0,511.6459999999995,4,1
854.9419999999993,108.76400000000002,14040.0,496.97099999999966,4,1
870.915999999999,115.21600000000005,15930.0,510.95799999999946,4,1
869.533999999999,115.07600000000004,15570.0,509.2669999999995,4,1
861.1519999999991,112.49000000000005,13680.0,497.57599999999957,4,1
793.9679999999998,75.14,7470.0,432.4839999999999,4,2
853.4519999999998,132.96800000000002,7740.0,461.7259999999999,4,2
834.2799999999997,114.62400000000001,8730.0,456.6399999999999,4,2
837.2799999999997,117.62400000000001,8730.0,458.1399999999999,4,2
807.5539999999999,89.14,7110.0,437.77699999999993,4,2
851.0379999999998,131.382,7560.0,459.5189999999999,4,2
740.968,22.14,7650.0,406.9839999999999,4,2
858.4519999999998,137.96800000000002,7830.0,464.7259999999999,4,2
818.3819999999998,99.554,7380.0,443.6909999999999,4,2
736.382,17.139999999999997,7470.0,403.191,4,2
807.5539999999999,89.14,7110.0,437.77699999999993,4,2
849.4519999999998,128.96800000000002,7650.0,459.2259999999999,4,2
821.7959999999998,102.968,7740.0,447.3979999999999,4,2
845.2799999999997,125.62400000000001,8730.0,462.1399999999999,4,2
866.4519999999998,145.96800000000002,7740.0,468.2259999999999,4,2
841.4519999999998,121.38200000000002,7560.0,454.2259999999999,4,2
877.2799999999997,157.21,8190.0,475.6399999999999,4,2
832.7959999999999,113.968,8100.0,454.8979999999999,4,2
736.968,18.554,7560.0,404.4839999999999,4,2
847.3819999999998,128.14000000000001,7740.0,460.6909999999999,4,2
825.2099999999998,105.554,7740.0,448.6049999999999,4,2
832.7959999999999,113.968,8100.0,454.8979999999999,4,2
836.4519999999998,116.38200000000002,7560.0,451.7259999999999,4,2
841.2099999999998,122.382,8370.0,460.6049999999999,4,2
831.2099999999998,112.38200000000002,8100.0,454.1049999999999,4,2
765.4199999999996,208.59199999999984,20340.0,486.70999999999987,4,3
780.2479999999996,223.00599999999986,20970.0,496.6239999999998,4,3
765.0759999999996,208.24799999999985,21600.0,492.5379999999998,4,3
813.7319999999995,256.90399999999977,23220.0,524.8659999999998,4,3
763.0759999999996,206.24799999999985,21420.0,490.5379999999998,4,3
793.8339999999996,236.59199999999984,20970.0,503.9169999999998,4,3
807.3179999999995,250.07599999999988,22230.0,516.6589999999998,4,3
785.4199999999996,228.59199999999984,20610.0,498.2099999999998,4,3
790.8339999999996,233.59199999999984,20700.0,500.9169999999998,4,3
786.4199999999996,229.59199999999984,20790.0,499.7099999999998,4,3
796.6619999999996,239.83399999999983,22050.0,509.8309999999998,4,3
799.4199999999996,242.59199999999984,20790.0,506.2099999999998,4,3
766.0759999999996,209.66199999999986,21780.0,494.5379999999998,4,3
784.8339999999996,228.00599999999983,21060.0,499.9169999999998,4,3
773.5919999999996,216.7639999999999,21060.0,493.7959999999998,4,3
779.8339999999996,223.00599999999986,21420.0,497.9169999999998,4,3
792.4199999999996,235.59199999999984,20790.0,502.7099999999998,4,3
830.9039999999995,274.0759999999998,22590.0,530.9519999999998,4,3
769.9039999999995,213.07599999999985,22140.0,497.45199999999977,4,3
778.4199999999996,221.59199999999984,20610.0,494.7099999999998,4,3
787.9039999999995,231.07599999999988,22230.0,506.4519999999998,4,3
795.2479999999996,238.41999999999985,22230.0,509.6239999999998,4,3
795.0759999999996,238.24799999999985,21870.0,509.5379999999998,4,3
787.6619999999996,230.83399999999983,21690.0,502.8309999999998,4,3
794.4199999999996,237.59199999999984,20790.0,503.7099999999998,4,3
1000.1119999999976,18.726,56250.0,620.0559999999988,5,0
1007.5259999999976,26.554000000000002,55260.0,624.2629999999988,5,0
991.2079999999979,24.311999999999998,46620.0,600.603999999999,5,0
999.3859999999976,21.726,46980.0,610.1929999999988,5,0
1000.7999999999977,22.726,45630.0,610.3999999999988,5,0
1012.0799999999975,26.554000000000002,57150.0,631.5399999999987,5,0
983.5839999999981,23.311999999999998,41220.0,589.791999999999,5,0
983.4119999999982,23.554000000000002,39240.0,589.2059999999991,5,0
1002.1439999999977,24.07,52470.0,618.0719999999988,5,0
1000.7999999999977,21.07,48600.0,611.3999999999988,5,0
979.2719999999983,23.14,38520.0,586.1359999999991,5,0
986.7239999999981,21.897999999999996,44100.0,595.8619999999991,5,0
996.4559999999976,16.311999999999998,55530.0,616.7279999999988,5,0
993.9339999999978,24.968000000000004,47070.0,606.466999999999,5,0
1011.5959999999975,29.796000000000003,54540.0,624.2979999999988,5,0
995.9339999999979,24.07,47430.0,608.466999999999,5,0
1005.2839999999974,25.968000000000004,53100.0,622.6419999999987,5,0
1011.0099999999976,27.554000000000002,56610.0,627.5049999999987,5,0
1002.1119999999976,20.726,47520.0,611.0559999999988,5,0
986.7239999999981,22.726,42480.0,592.861999999999,5,0
996.9019999999977,22.968000000000004,46800.0,610.4509999999988,5,0
987.3799999999981,22.14,40770.0,593.6899999999989,5,0
996.2459999999978,20.656,48690.0,609.1229999999989,5,0
991.379999999998,25.726,45900.0,599.189999999999,5,0
996.3799999999981,30.311999999999998,44010.0,600.6899999999989,5,0
883.1439999999977,77.76400000000002,44640.0,558.0719999999989,5,1
876.8639999999981,77.69400000000002,42750.0,558.931999999999,5,1
881.9979999999982,96.07600000000005,35550.0,547.9989999999992,5,1
877.831999999998,74.52200000000003,45270.0,560.9159999999989,5,1
877.5199999999979,76.28000000000002,43650.0,561.259999999999,5,1
877.1759999999979,75.10800000000003,44010.0,559.0879999999989,5,1
872.3099999999981,77.69400000000002,36990.0,540.6549999999991,5,1
892.4179999999978,91.59200000000003,42660.0,562.2089999999989,5,1
894.4879999999978,90.35000000000002,44010.0,567.2439999999989,5,1
879.379999999998,83.52200000000002,40230.0,551.6899999999989,5,1
876.105999999998,76.93600000000002,43470.0,557.552999999999,5,1
876.8639999999981,77.28000000000002,42840.0,558.931999999999,5,1
889.7619999999979,89.76400000000002,42300.0,561.3809999999988,5,1
878.863999999998,80.93600000000002,38430.0,549.431999999999,5,1
886.9659999999981,91.93600000000002,38970.0,551.4829999999989,5,1
866.7559999999983,78.76400000000002,35370.0,536.3779999999991,5,1
880.0739999999978,75.10800000000003,44190.0,560.5369999999989,5,1
885.9719999999978,79.35000000000002,43470.0,562.9859999999989,5,1
879.8319999999978,76.93600000000004,43290.0,557.9159999999989,5,1
877.175999999998,74.69400000000002,43290.0,557.5879999999989,5,1
880.5139999999983,98.31800000000004,35280.0,548.7569999999992,5,1
881.3159999999978,74.28000000000003,46530.0,564.6579999999989,5,1
890.5899999999979,90.17800000000003,42840.0,562.7949999999989,5,1
888.2459999999978,85.35000000000004,43920.0,562.1229999999989,5,1
877.9339999999979,76.69400000000002,40680.0,552.4669999999988,5,1
984.3039999999985,214.14000000000001,38790.0,586.6519999999992,5,2
873.1319999999987,101.72600000000001,37980.0,524.5659999999992,5,2
898.7179999999985,128.55400000000003,38160.0,537.3589999999992,5,2
901.7179999999985,131.55400000000003,38160.0,538.8589999999992,5,2
896.7179999999985,125.72600000000001,37980.0,538.3589999999992,5,2
872.1319999999987,100.72600000000001,37980.0,524.0659999999992,5,2
951.5459999999986,181.79600000000002,39600.0,570.2729999999991,5,2
876.3739999999987,103.72600000000001,38610.0,527.6869999999993,5,2
975.3039999999986,204.726,38790.0,582.1519999999994,5,2
942.3739999999985,170.554,40680.0,567.6869999999992,5,2
896.7179999999985,125.72600000000001,37980.0,538.3589999999992,5,2
877.1319999999986,105.72600000000001,37800.0,525.5659999999992,5,2
976.7179999999986,205.726,39060.0,582.8589999999992,5,2
909.7179999999984,139.55399999999997,38160.0,542.8589999999991,5,2
907.5459999999986,136.14,39150.0,546.7729999999992,5,2
906.5459999999986,134.726,39150.0,546.2729999999992,5,2
897.5459999999985,126.14000000000001,39150.0,541.7729999999992,5,2
951.1319999999986,180.14000000000001,39600.0,570.5659999999992,5,2
944.1319999999985,173.96800000000002,39870.0,567.5659999999992,5,2
893.0619999999985,124.14000000000001,37170.0,535.5309999999993,5,2
899.3039999999985,129.14000000000001,38160.0,540.6519999999992,5,2
951.1319999999986,180.14000000000001,39600.0,570.5659999999992,5,2
901.5459999999985,129.726,39150.0,543.7729999999992,5,2
954.7179999999986,184.96800000000002,39780.0,572.3589999999992,5,2
985.3039999999985,215.55400000000003,39240.0,587.1519999999992,5,2
849.4259999999992,282.2479999999998,28350.0,548.7129999999996,5,3
785.9419999999993,218.34999999999985,28260.0,513.9709999999997,5,3
846.6679999999992,280.31799999999976,29880.0,554.3339999999996,5,3
815.4259999999995,248.24799999999982,29610.0,535.7129999999997,5,3
862.2539999999992,295.0759999999998,29610.0,561.1269999999996,5,3
802.6359999999995,226.34999999999985,33120.0,530.3179999999998,5,3
830.1519999999996,259.6619999999998,32130.0,549.0759999999998,5,3
795.3559999999993,227.34999999999985,27810.0,517.1779999999997,5,3
788.8719999999994,224.59199999999984,26730.0,515.4359999999997,5,3
789.0819999999994,217.34999999999985,30780.0,519.5409999999997,5,3
797.6999999999994,232.5919999999998,27720.0,525.3499999999997,5,3
831.9419999999993,267.24799999999976,27900.0,540.9709999999997,5,3
843.6679999999993,277.31799999999976,29880.0,552.8339999999996,5,3
823.5279999999996,259.2479999999998,28080.0,538.7639999999997,5,3
803.8719999999994,239.5919999999998,26910.0,523.4359999999997,5,3
804.8719999999994,240.5919999999998,27090.0,524.9359999999997,5,3
836.1139999999994,271.8339999999997,27540.0,542.5569999999997,5,3
823.9419999999993,259.2479999999997,27900.0,536.9709999999997,5,3
850.8399999999992,283.6619999999998,29520.0,555.9199999999996,5,3
788.3559999999993,220.34999999999985,27810.0,513.6779999999997,5,3
869.0819999999992,301.90399999999977,29610.0,564.5409999999996,5,3
814.2859999999994,249.5919999999998,27900.0,533.1429999999997,5,3
829.5279999999993,262.34999999999985,27810.0,536.7639999999997,5,3
808.7699999999993,241.5919999999998,29160.0,529.8849999999996,5,3
834.1139999999994,269.8339999999997,27540.0,541.5569999999997,5,3
